/*--------------------------------*- C++ -*----------------------------------*\
| =========                 |                                                 |
| \\      /  F ield         | OpenFOAM: The Open Source CFD Toolbox           |
|  \\    /   O peration     | Version:  v1812                                 |
|   \\  /    A nd           | Web:      www.OpenFOAM.com                      |
|    \\/     M anipulation  |                                                 |
\*---------------------------------------------------------------------------*/
FoamFile
{
    version     2.0;
    format      ascii;
    class       volScalarField;
    location    "1000";
    object      yPlus;
}
// * * * * * * * * * * * * * * * * * * * * * * * * * * * * * * * * * * * * * //

dimensions      [0 0 0 0 0 0 0];


internalField   uniform 0;

boundaryField
{
    inlet
    {
        type            calculated;
        value           uniform 0;
    }
    outlet
    {
        type            calculated;
        value           uniform 0;
    }
    wall
    {
        type            calculated;
        value           nonuniform List<scalar> 
4000
(
2957.517459827151
2957.517459826781
2957.517459826394
2957.517459826017
2957.517459825712
2957.517459825442
2957.517459825228
2957.517459825043
2957.517459824918
2957.517459824839
2957.517459824825
2957.517459824849
2957.517459824957
2957.5174598251
2957.5174598253
2957.517459825551
2957.517459825848
2957.517459826215
2957.517459826615
2957.517459826996
2969.084655694159
2969.084655693538
2969.08465569278
2969.084655692065
2969.08465569133
2969.084655690697
2969.084655690119
2969.084655689649
2969.084655689281
2969.084655689082
2969.084655689014
2969.084655689133
2969.08465568939
2969.084655689795
2969.084655690326
2969.084655690943
2969.084655691659
2969.084655692397
2969.084655693204
2969.084655693889
2980.177476178522
2980.177476177542
2980.177476176302
2980.177476175003
2980.177476173685
2980.177476172393
2980.177476171248
2980.17747617027
2980.177476169566
2980.177476169147
2980.177476169037
2980.177476169239
2980.177476169785
2980.177476170608
2980.177476171657
2980.177476172881
2980.177476174225
2980.177476175629
2980.177476176997
2980.177476178099
2990.767949730149
2990.767949728731
2990.767949726794
2990.767949724656
2990.767949722432
2990.767949720277
2990.767949718314
2990.767949716643
2990.7679497154
2990.767949714635
2990.767949714439
2990.767949714833
2990.76794971578
2990.767949717201
2990.767949719008
2990.767949721124
2990.767949723372
2990.767949725674
2990.767949727842
2990.767949729548
3000.86564098979
3000.865640987792
3000.865640984935
3000.865640981657
3000.865640978259
3000.865640974867
3000.865640971792
3000.865640969141
3000.865640967175
3000.865640965998
3000.86564096568
3000.865640966285
3000.865640967795
3000.865640970028
3000.865640972891
3000.865640976189
3000.865640979708
3000.865640983222
3000.865640986457
3000.86564098893
3010.489801487877
3010.489801485151
3010.489801481173
3010.489801476507
3010.489801471585
3010.489801466697
3010.489801462167
3010.489801458302
3010.489801455404
3010.489801453659
3010.489801453207
3010.489801454116
3010.489801456298
3010.489801459601
3010.489801463783
3010.489801468585
3010.489801473645
3010.489801478684
3010.489801483282
3010.489801486727
3019.659948846551
3019.659948842991
3019.659948837551
3019.659948831052
3019.659948824135
3019.659948817182
3019.659948810719
3019.659948805283
3019.659948801208
3019.65994879873
3019.659948798133
3019.659948799398
3019.659948802464
3019.659948807118
3019.659948813023
3019.659948819798
3019.659948826977
3019.65994883407
3019.65994884042
3019.659948845068
3028.394951912107
3028.3949519075
3028.394951900446
3028.394951892008
3028.394951882958
3028.394951873933
3028.394951865511
3028.394951858232
3028.394951852687
3028.394951849377
3028.394951848539
3028.394951850244
3028.39495185439
3028.39495186066
3028.394951868516
3028.394951877406
3028.394951886756
3028.394951895952
3028.3949519042
3028.394951910219
3036.713140268997
3036.713140263246
3036.713140253972
3036.713140242412
3036.713140229864
3036.713140217213
3036.713140205384
3036.713140195604
3036.713140188323
3036.713140183969
3036.713140182842
3036.713140185103
3036.713140190552
3036.713140198796
3036.713140209452
3036.713140221877
3036.713140234901
3036.7131402476
3036.713140258796
3036.713140266637
3044.632018599643
3044.632018592595
3044.632018581221
3044.632018567398
3044.632018552426
3044.632018537351
3044.632018523328
3044.632018511031
3044.632018501633
3044.632018495997
3044.632018494575
3044.632018497464
3044.632018504496
3044.632018515104
3044.632018528355
3044.632018543134
3044.632018558668
3044.632018573793
3044.632018587191
3044.632018596778
3052.1681285301
3052.168128521429
3052.168128506922
3052.168128488724
3052.168128468708
3052.168128448437
3052.168128429416
3052.168128413505
3052.168128401641
3052.16812839453
3052.168128392725
3052.168128396389
3052.168128405268
3052.168128418662
3052.168128435902
3052.168128455834
3052.168128476672
3052.168128496798
3052.168128514385
3052.168128526581
3059.337147179528
3059.337147169214
3059.337147151968
3059.337147130589
3059.337147107185
3059.337147083575
3059.337147061463
3059.337147042092
3059.337147027275
3059.337147018417
3059.337147016129
3059.337147020703
3059.337147031761
3059.33714704845
3059.337147069285
3059.337147092523
3059.337147116803
3059.337147140355
3059.337147160926
3059.337147175382
3066.153992193036
3066.153992180616
3066.153992159204
3066.153992132126
3066.153992102201
3066.15399207173
3066.153992043057
3066.153992018901
3066.15399200075
3066.153991989827
3066.15399198704
3066.153991992635
3066.153992006187
3066.153992026674
3066.153992052815
3066.153992082832
3066.153992114068
3066.153992144087
3066.153992170083
3066.153992187997
3072.632835944526
3072.632835930061
3072.632835905096
3072.632835873674
3072.632835839
3072.632835803772
3072.632835770731
3072.632835741835
3072.632835719751
3072.632835706491
3072.6328357031
3072.632835709918
3072.632835726361
3072.632835751223
3072.632835782264
3072.632835816927
3072.632835853038
3072.632835887802
3072.63283591787
3072.632835938734
3078.787171737739
3078.787171720582
3078.787171690307
3078.787171651626
3078.787171608615
3078.787171564636
3078.787171523179
3078.787171488012
3078.787171461458
3078.787171445455
3078.78717144136
3078.787171449536
3078.78717146933
3078.787171499212
3078.787171537212
3078.787171580567
3078.787171625562
3078.78717166857
3078.787171705526
3078.78717173078
3084.629864865604
3084.629864845909
3084.629864811005
3084.629864766601
3084.62986471716
3084.629864666726
3084.629864619244
3084.629864577795
3084.629864546162
3084.629864527139
3084.629864522254
3084.629864531994
3084.629864555554
3084.62986459117
3084.629864635622
3084.629864685337
3084.629864736938
3084.629864786316
3084.629864828686
3084.629864857717
3090.173197099697
3090.173197076711
3090.173197035118
3090.173196981626
3090.173196921649
3090.173196860193
3090.17319680214
3090.173196752522
3090.173196715006
3090.173196692396
3090.173196686571
3090.173196698091
3090.173196726053
3090.173196768264
3090.173196821678
3090.173196882337
3090.173196945089
3090.173197004839
3090.173197055818
3090.17319709037
3095.428908423971
3095.42890839784
3095.428908350374
3095.428908289349
3095.428908220975
3095.428908150919
3095.428908084736
3095.42890802712
3095.428907983173
3095.428907956693
3095.428907949868
3095.428907963377
3095.428907996103
3095.428908045512
3095.428908107337
3095.428908176465
3095.428908248
3095.428908316128
3095.428908374132
3095.428908413468
3100.408233496411
3100.408233466267
3100.408233410548
3100.408233338236
3100.408233256806
3100.408233173066
3100.408233093738
3100.408233025679
3100.408232974066
3100.408232942908
3100.408232934877
3100.408232950697
3100.408232989146
3100.408233047087
3100.408233120278
3100.408233203007
3100.408233288391
3100.408233369355
3100.40823343798
3100.408233484163
3105.121934473174
3105.121934439214
3105.121934376057
3105.121934294115
3105.121934201757
3105.121934106744
3105.12193401679
3105.121933938572
3105.121933878912
3105.121933842926
3105.121933833644
3105.121933851959
3105.121933896378
3105.12193396336
3105.121934047194
3105.121934141064
3105.121934237865
3105.121934329617
3105.121934407266
3105.121934459444
3109.580329992383
3109.580329953518
3109.580329880279
3109.580329784565
3109.580329676153
3109.580329564336
3109.580329458225
3109.580329366843
3109.580329297366
3109.58032925542
3109.580329244601
3109.580329265849
3109.580329317525
3109.580329395413
3109.580329493473
3109.580329604052
3109.580329717835
3109.580329825347
3109.580329915946
3109.580329976503
3113.793321528791
3113.793321485224
3113.793321402795
3113.793321294807
3113.793321172427
3113.793321046131
3113.793320926246
3113.793320822127
3113.793320742699
3113.793320694736
3113.793320682339
3113.79332070665
3113.793320765764
3113.793320854855
3113.793320966426
3113.793321091301
3113.793321219769
3113.793321341036
3113.793321443044
3113.793321511081
3117.770416757711
3117.770416708327
3117.770416613599
3117.770416488932
3117.770416347026
3117.770416200262
3117.770416060708
3117.770415940195
3117.770415848404
3117.770415792993
3117.770415778622
3117.770415806646
3117.770415874851
3117.770415977615
3117.770416106802
3117.770416252003
3117.770416401149
3117.770416541588
3117.770416659242
3117.770416737448
3121.52075103617
3121.520750981105
3121.520750874984
3121.520750734914
3121.520750575351
3121.52075041017
3121.520750253043
3121.520750116626
3121.52075001251
3121.520749949624
3121.520749933346
3121.520749965152
3121.520750042548
3121.520750159179
3121.520750305209
3121.520750468667
3121.520750636415
3121.520750794193
3121.520750926156
3121.520751013646
3125.053106590741
3125.053106528712
3125.05310640785
3125.053106247669
3125.053106064531
3125.05310587461
3125.053105693695
3125.053105537083
3125.053105417668
3125.053105345513
3125.05310532678
3125.053105363183
3125.053105451807
3125.053105585367
3125.053105752991
3125.053105941053
3125.053106133749
3125.053106314626
3125.053106465479
3125.053106565104
3128.375930353588
3128.375930284704
3128.375930149714
3128.375929970403
3128.375929765083
3128.375929552038
3128.375929348992
3128.375929172637
3128.375929037954
3128.375928956563
3128.375928935441
3128.375928976538
3128.375929076514
3128.375929227132
3128.375929415762
3128.375929626772
3128.375929842847
3128.375930045424
3128.375930214038
3128.375930325164
3131.497350017552
3131.497349940428
3131.497349787915
3131.497349584408
3131.497349350841
3131.497349108036
3131.497348876293
3131.497348675382
3131.497348522032
3131.49734842929
3131.497348405153
3131.497348451828
3131.497348565549
3131.497348736886
3131.497348951736
3131.497349192295
3131.497349438382
3131.497349668682
3131.497349859846
3131.497349985464
3134.425189118165
3134.425189032745
3134.42518886289
3134.425188635789
3134.425188374682
3134.425188103031
3134.425187843638
3134.425187618291
3134.425187446128
3134.425187341978
3134.425187314859
3134.425187367304
3134.425187494991
3134.425187687366
3134.425187928162
3134.425188197406
3134.42518847255
3134.425188729738
3134.425188942865
3134.425189082613
3137.166980704193
3137.16698060908
3137.166980418381
3137.166980162393
3137.166979867467
3137.166979560143
3137.166979266405
3137.166979011359
3137.166978816495
3137.166978698576
3137.1669786678
3137.166978727045
3137.166978871404
3137.166979088908
3137.166979361334
3137.166979665985
3137.166979977026
3137.166980267347
3137.166980507324
3137.166980664298
3139.729980306057
3139.729980200957
3139.729979989097
3139.729979704149
3139.729979375318
3139.729979032369
3139.729978704367
3139.729978419226
3139.729978201276
3139.729978069298
3139.729978034843
3139.72997810111
3139.729978262656
3139.729978505865
3139.729978810322
3139.729979150394
3139.729979497316
3139.729979820752
3139.729980087683
3139.729980261903
3142.121177765937
3142.121177649373
3142.121177412802
3142.121177093489
3142.121176724235
3142.121176338652
3142.121175969601
3142.121175648756
3142.12117540347
3142.121175254912
3142.121175216049
3142.121175290478
3142.121175472073
3142.121175745589
3142.121176087944
3142.121176470395
3142.121176860233
3142.121177223092
3142.121177521995
3142.121177716663
3144.347308546445
3144.347308417909
3144.347308155737
3144.347307801066
3144.347307390342
3144.34730696108
3144.347306549938
3144.347306192246
3144.347305918663
3144.347305752904
3144.347305709518
3144.347305792525
3144.347305995053
3144.347306300052
3144.3473066816
3144.347307107461
3144.347307541241
3144.347307944618
3144.347308276373
3144.347308491975
3146.414864119408
3146.414863977379
3146.41486368584
3146.414863290311
3146.414862831462
3146.414862351307
3146.41486189113
3146.414861490697
3146.414861184312
3146.414860998618
3146.414860949942
3146.414861042733
3146.414861269348
3146.414861610648
3146.4148620376
3146.414862514026
3146.414862998925
3146.414863449284
3146.41486381902
3146.414864058821
3148.330101945144
3148.330101788896
3148.33010146649
3148.330101028084
3148.330100518825
3148.330099985481
3148.330099474048
3148.330099028707
3148.330098687874
3148.330098481239
3148.330098427016
3148.330098530229
3148.33009878228
3148.330099161788
3148.330099636424
3148.330100165781
3148.330100704153
3148.330101203653
3148.33010161316
3148.330101878302
3150.099054700773
3150.099054528581
3150.0990541714
3150.09905368446
3150.099053117886
3150.099052523884
3150.099051953927
3150.099051457463
3150.099051077398
3150.09905084695
3150.099050786348
3150.099050901263
3150.099051182142
3150.099051605075
3150.099052133929
3150.099052723567
3150.099053322849
3150.099053878272
3150.09905433287
3150.09905462667
3151.727539187309
3151.727538998156
3151.727538603958
3151.727538065345
3151.727537437875
3151.727536779523
3151.727536147429
3151.727535596649
3151.72753517484
3151.727534918981
3151.72753485164
3151.727534979099
3151.727535290704
3151.727535759906
3151.727536346436
3151.727537000111
3151.727537664054
3151.727538278833
3151.727538781326
3151.727539105621
3153.221164589791
3153.221164381901
3153.221163946492
3153.22116335024
3153.221162654601
3153.221161924009
3153.221161222162
3153.221160610403
3153.221160141736
3153.221159857397
3153.221159782424
3153.221159923864
3153.221160269874
3153.22116079087
3153.221161442077
3153.221162167576
3153.221162904047
3153.221163585274
3153.221164141291
3153.221164499557
3154.585340502825
3154.585340274784
3154.585339795089
3154.585339136903
3154.585338368071
3154.585337559991
3154.585336783322
3154.585336106078
3154.5853355871
3154.585335272153
3154.585335189012
3154.585335345522
3154.585335728493
3154.58533630518
3154.585337025836
3154.58533782842
3154.585338642659
3154.585339395173
3154.585340008685
3154.585340403391
3155.825284382639
3155.825284132482
3155.825283604047
3155.825282877424
3155.825282027531
3155.825281133529
3155.825280273827
3155.82527952388
3155.825278949083
3155.825278600159
3155.825278507891
3155.825278681049
3155.825279104998
3155.825279743419
3155.825280541082
3155.825281429118
3155.825282329616
3155.825283161065
3155.825283838056
3155.82528427303
3156.946028799496
3156.946028525471
3156.946027944334
3156.946027143749
3156.946026206286
3156.94602521946
3156.946024270054
3156.946023441611
3156.946022806442
3156.946022420759
3156.946022318649
3156.946022509836
3156.946022978075
3156.946023683173
3156.946024564051
3156.946025544459
3156.94602653809
3156.946027454823
3156.946028200448
3156.946028678885
3157.952428230612
3157.952427930546
3157.952427291722
3157.952426409937
3157.952425376229
3157.952424287286
3157.95242323908
3157.952422324096
3157.952421622413
3157.952421196194
3157.952421083218
3157.952421294183
3157.952421811201
3157.952422589769
3157.952423562275
3157.952424644335
3157.952425740444
3157.952426750875
3157.952427571818
3157.952428097915
3158.849165616349
3158.849165288098
3158.849164586776
3158.849163616956
3158.849162478904
3158.849161279195
3158.849160123959
3158.849159115229
3158.849158341544
3158.84915787145
3158.849157746651
3158.849157979042
3158.849158548864
3158.849159406979
3158.849160478739
3158.849161670938
3158.849162878093
3158.849163990156
3158.849164892753
3158.849165470531
3159.640758566663
3159.640758207711
3159.640757438193
3159.640756372213
3159.640755119986
3159.640753798999
3159.640752526289
3159.640751414607
3159.640750561722
3159.640750043298
3159.640749905528
3159.640750161434
3159.640750789235
3159.640751734726
3159.640752915442
3159.640754228447
3159.640755557252
3159.640756780471
3159.640757772278
3159.640758406448
3160.331565349789
3160.331564957626
3160.331564114079
3160.331562943637
3160.331561567386
3160.331560114672
3160.331558714748
3160.331557491633
3160.331556553049
3160.331555982417
3160.331555830554
3160.331556111884
3160.331556802423
3160.331557842397
3160.331559141061
3160.33156058495
3160.331562045782
3160.331563389704
3160.331564478479
3160.331565173903
3160.92579049909
3160.925790070832
3160.925789146827
3160.925787862642
3160.92578635121
3160.925784754706
3160.925783215283
3160.925781869779
3160.925780837017
3160.925780208921
3160.925780041493
3160.925780350712
3160.925781110069
3160.925782253856
3160.925783681948
3160.925785269231
3160.925786874232
3160.925788349755
3160.925789544053
3160.925790306133
3161.427490337639
3161.427489870215
3161.427488858753
3161.427487450801
3161.427485792273
3161.42748403946
3161.427482349152
3161.42748087153
3161.427479737127
3161.427479046984
3161.427478862819
3161.427479202106
3161.427480035816
3161.427481291566
3161.427482859399
3161.427484601799
3161.427486363487
3161.427487982182
3161.427489291366
3161.427490126071
3161.84057807279
3161.840577562981
3161.840576456739
3161.840574914539
3161.840573096255
3161.840571173296
3161.840569317479
3161.840567694552
3161.840566448262
3161.840565689812
3161.840565487117
3161.840565859351
3161.840566774722
3161.840568153556
3161.840569874943
3161.840571787421
3161.840573719639
3161.840575493852
3161.84057692764
3161.840577840945
3162.168828740009
3162.168828184148
3162.168826974678
3162.168825286046
3162.168823293491
3162.168821185275
3162.168819151083
3162.168817371797
3162.168816005163
3162.16881517326
3162.168814950605
3162.168815358372
3162.16881636156
3162.168817872819
3162.168819759403
3162.168821855206
3162.168823973137
3162.168825916959
3162.168827486786
3162.168828485948
3162.415884066017
3162.415883460419
3162.415882139427
3162.415880292507
3162.415878111418
3162.415875802124
3162.415873571528
3162.415871619793
3162.415870120305
3162.415869207183
3162.415868962382
3162.415869409115
3162.415870509067
3162.415872166273
3162.415874234937
3162.415876532423
3162.415878851844
3162.415880979187
3162.415882696052
3162.415883787936
3162.585256652303
3162.585255992623
3162.585254550072
3162.58525253017
3162.585250142945
3162.585247614332
3162.585245173193
3162.585243036744
3162.585241395056
3162.585240394997
3162.585240126542
3162.585240615077
3162.585241818679
3162.585243632195
3162.585245895882
3162.585248409636
3162.585250948775
3162.585253276852
3162.58525515449
3162.585256347816
3162.680334675481
3162.680333957528
3162.680332383789
3162.680330177198
3162.680327567436
3162.68032480124
3162.680322127072
3162.68031978591
3162.680317986434
3162.680316889868
3162.680316594881
3162.680317129486
3162.680318447681
3162.68032043417
3162.680322913711
3162.680325666633
3162.680328443872
3162.68033098864
3162.680333039793
3162.680334342468
3162.704385599267
3162.704384817899
3162.704383100996
3162.704380690328
3162.704377836967
3162.704374811288
3162.7043718886
3162.704369329168
3162.704367361471
3162.704366161993
3162.704365838812
3162.704366422649
3162.704367863175
3162.704370034208
3162.704372744
3162.704375752055
3162.704378789209
3162.704381571204
3162.704383812294
3162.704385234799
3162.660560247273
3162.660559397655
3162.660557526496
3162.660554895574
3162.660551779273
3162.660548472636
3162.660545273525
3162.660542471253
3162.66054031631
3162.660539002094
3162.660538647213
3162.660539285364
3162.660540861565
3162.660543237413
3162.660546202918
3162.660549494487
3162.660552813119
3162.660555851244
3162.660558297332
3162.66055984887
3162.551896618345
3162.551895694335
3162.551893654495
3162.551890782535
3162.551887378206
3162.551883764236
3162.551880270773
3162.551877209673
3162.551874854999
3162.551873418447
3162.55187302981
3162.551873725984
3162.551875446941
3162.5518780414
3162.551881279529
3162.551884873041
3162.55188849951
3162.551891818291
3162.551894488975
3162.55189618233
3162.381323198905
3162.381322195025
3162.381319973644
3162.381316841431
3162.381313125766
3162.381309178775
3162.381305357591
3162.381302008335
3162.381299431299
3162.381297858236
3162.381297431605
3162.38129819187
3162.381300073331
3162.381302910359
3162.381306451467
3162.381310380882
3162.381314340949
3162.381317963159
3162.381320876497
3162.381322722404
3162.15166249909
3162.151661407924
3162.151658987258
3162.151655569932
3162.151651512977
3162.151647201183
3162.151643029605
3162.151639371804
3162.151636556477
3162.151634837179
3162.151634369798
3162.151635198656
3162.151637252121
3162.151640349076
3162.151644214521
3162.151648503043
3162.151652828374
3162.151656783433
3162.151659963051
3162.151661977374
3161.865634834281
3161.865633649417
3161.865631014511
3161.865627288151
3161.865622860506
3161.865618151704
3161.865613589938
3161.865609588744
3161.865606507998
3161.86560462551
3161.865604112207
3161.865605016783
3161.865607260935
3161.865610646431
3161.865614872229
3161.865619560232
3161.865624283262
3161.86562859989
3161.865632068392
3161.865634263881
3161.525860320743
3161.525859033455
3161.525856162428
3161.525852097686
3161.525847264331
3161.525842121053
3161.525837139916
3161.525832769101
3161.525829402482
3161.525827344119
3161.525826781183
3161.52582776714
3161.525830216493
3161.525833912443
3161.525838525903
3161.52584364317
3161.525848801247
3161.525853513876
3161.525857299141
3161.525859695646
3161.134864145931
3161.134862748348
3161.134859622533
3161.134855187811
3161.134849909092
3161.13484428785
3161.134838838
3161.134834053795
3161.134830367191
3161.134828111536
3161.134827492291
3161.134828568308
3161.134831246105
3161.134835288275
3161.134840334209
3161.134845930785
3161.134851567494
3161.134856715188
3161.134860847648
3161.134863461479
3160.69507775229
3160.695076233962
3160.695072826722
3160.695067987556
3160.695062222786
3160.695056079823
3160.695050123644
3160.695044892598
3160.695040859881
3160.695038390642
3160.695037710237
3160.695038883273
3160.695041807766
3160.695046223856
3160.695051736965
3160.695057851016
3160.695064010133
3160.69506963292
3160.695074145332
3160.695077000941
3160.208843705066
3160.208842056155
3160.208838342914
3160.208833056384
3160.208826751103
3160.208820026567
3160.20881350064
3160.2088077661
3160.208803342739
3160.208800631785
3160.208799881144
3160.208801162137
3160.208804363154
3160.20880919914
3160.208815237182
3160.20882193283
3160.208828674231
3160.208834826044
3160.208839760376
3160.208842880052
3159.678419640608
3159.678417848249
3159.678413795551
3159.678408018286
3159.678401120828
3159.678393758763
3159.678386611193
3159.678380326995
3159.678375476875
3159.678372501571
3159.678371673632
3159.678373071831
3159.67837657404
3159.678381867765
3159.678388478117
3159.678395807858
3159.67840318761
3159.678409919422
3159.678415317223
3159.67841873221
3159.10598057827
3159.105978629839
3159.105974204861
3159.105967880399
3159.105960319209
3159.105952241009
3159.10594439134
3159.105937485333
3159.105932151595
3159.105928875784
3159.105927958729
3159.105929487664
3159.105933328831
3159.105939138483
3159.105946394324
3159.105954439178
3159.105962535993
3159.105969918906
3159.105975835803
3159.105979576724
3158.493626340029
3158.493624219058
3158.493619377244
3158.493612444349
3158.493604145053
3158.493595269337
3158.493586638742
3158.493579040365
3158.493573167469
3158.493569555992
3158.493568538276
3158.493570211298
3158.493574428265
3158.493580810816
3158.493588783734
3158.493597623239
3158.493606518557
3158.493614626439
3158.493621122109
3158.493625231624
3157.843385625876
3157.843383315503
3157.84337801189
3157.84337039677
3157.843361266201
3157.843351490571
3157.843341976063
3157.843333592898
3157.84332710788
3157.84332311426
3157.843321980509
3157.843323814758
3157.843328455554
3157.843335485314
3157.843344268797
3157.843354006529
3157.843363802913
3157.84337272848
3157.843379875892
3157.843384396732
3157.157221301788
3157.157218780454
3157.157212954241
3157.157204568085
3157.157194496488
3157.15718370009
3157.157173182152
3157.15716390685
3157.157156724847
3157.15715229489
3157.157151026816
3157.157153041673
3157.157158161594
3157.157165924308
3157.157175626412
3157.157186382327
3157.157197200764
3157.157207053602
3157.15721494056
3157.157219932245
3156.437044218902
3156.437041462549
3156.437035047585
3156.437025785625
3156.437014641192
3156.43700267879
3156.436991012244
3156.436980714207
3156.436972731917
3156.436967799689
3156.436966375036
3156.436968594257
3156.436974260586
3156.436982860793
3156.436993613013
3156.437005532852
3156.437017518836
3156.437028430415
3156.437037160936
3156.437042687629
3155.684715413692
3155.684712393337
3155.684705307553
3155.684695046199
3155.684682674932
3155.684669376712
3155.684656392617
3155.684644919903
3155.68463601702
3155.684630505532
3155.684628898238
3155.684631349017
3155.684637639825
3155.684647198763
3155.684659153761
3155.684672407017
3155.684685730525
3155.684697854654
3155.684707551418
3155.684713693805
3154.902060994369
3154.902057674823
3154.902049816947
3154.90203839771
3154.902024599778
3154.902009744736
3154.901995222227
3154.901982375759
3154.901972394463
3154.901966202531
3154.901964377834
3154.901967095411
3154.901974112368
3154.901984788256
3154.901998145504
3154.902012953306
3154.902027835549
3154.902041372028
3154.902052193362
3154.902059051856
3154.090890697558
3154.090887037936
3154.090878294163
3154.090865543876
3154.090850103159
3154.090833453208
3154.090817155135
3154.090802721882
3154.090791493678
3154.090784513779
3154.090782435643
3154.090785458969
3154.090793312217
3154.09080527578
3154.09082024999
3154.090836850339
3154.090853529505
3154.090868693595
3154.090880810732
3154.09088849592
3153.253008712834
3153.253004660688
3153.252994879424
3153.252980562824
3153.252963183181
3153.252944410721
3153.252926009881
3153.252909695023
3153.252896986267
3153.252889068806
3153.252886686109
3153.25289006765
3153.252898908152
3153.252912394075
3153.252929280784
3153.252948001378
3153.252966805107
3153.252983892565
3153.25299753986
3153.253006201539
3152.390246520355
3152.390242012656
3152.390231016208
3152.390214860089
3152.390195199072
3152.390173926134
3152.390153045634
3152.390134510171
3152.390120052748
3152.390111026591
3152.390108282057
3152.390112083802
3152.390122086837
3152.390137366752
3152.390156507299
3152.390177726038
3152.39019903194
3152.390218383375
3152.390233830831
3152.390243642041
3151.504480684471
3151.504475645508
3151.504463228504
3151.50444491985
3151.504422587135
3151.50439838464
3151.504374598205
3151.504353460081
3151.504336953049
3151.504326627458
3151.504323459039
3151.504327753955
3151.50433912032
3151.504356503388
3151.504378285651
3151.504402431497
3151.504426667905
3151.50444866928
3151.504466222135
3151.504477377076
3150.597661433709
3150.597655763952
3150.59764164698
3150.597620756058
3150.597595213007
3150.597567486768
3150.597540202214
3150.59751592921
3150.597496952229
3150.597485059967
3150.597481379313
3150.597486266623
3150.597499273555
3150.597519188049
3150.597544149369
3150.597571816425
3150.597599576141
3150.597624761336
3150.597644841582
3150.597657609232
3149.671852128714
3149.671845716363
3149.671829611357
3149.671805705068
3149.671776416033
3149.671744580549
3149.671713219313
3149.671685296031
3149.671663445894
3149.671649734611
3149.671645464757
3149.671651050363
3149.671665976367
3149.671688846857
3149.671717517398
3149.671749290552
3149.671781156215
3149.67181004875
3149.671833068936
3149.671847709053
3148.729247203803
3148.729239906309
3148.729221454792
3148.72919399797
3148.729160304222
3148.729123641832
3148.729087496188
3148.729055292556
3148.729030077846
3148.729014241947
3148.729009292515
3148.729015710139
3148.72903290044
3148.72905925069
3148.729092282203
3148.729128878575
3148.72916556377
3148.729198804461
3148.729225268726
3148.729242097146
3147.772212427275
3147.772204067405
3147.77218282184
3147.77215114515
3147.772112221975
3147.772069833994
3147.772028018604
3147.771990748271
3147.771961556355
3147.771943215423
3147.771937474439
3147.771944891523
3147.771964777103
3147.771995260638
3147.772033467269
3147.772075783723
3147.772118180949
3147.772156570696
3147.772187108546
3147.77220651908
3146.803286841342
3146.80327723429
3146.803252814087
3146.80321638627
3146.803171607915
3146.803122834092
3146.803074716408
3146.80303183244
3146.802998252007
3146.802977167793
3146.802970591969
3146.802979164565
3146.80300208655
3146.803037198725
3146.803081184931
3146.803129879356
3146.803178638683
3146.803222757258
3146.803257819537
3146.803280081665
3145.825198547916
3145.82518744089
3145.825159313489
3145.82511738519
3145.825065864824
3145.82500976609
3145.824954443077
3145.824905161413
3145.824866599603
3145.824842424173
3145.82483494264
3145.824844883692
3145.8248713197
3145.82491175938
3145.824962381492
3145.825018389045
3145.825074437693
3145.825125114848
3145.825165350061
3145.825190855844
3144.840846804507
3144.84083391908
3144.840801559151
3144.840753424655
3144.840694353553
3144.840630094923
3144.840566782769
3144.840510439979
3144.840466410945
3144.840438877795
3144.840430466423
3144.840441996374
3144.840472391949
3144.840518791013
3144.840576812942
3144.840640962156
3144.840705118266
3144.840763083814
3144.840809059129
3144.840838140041
3143.853177202426
3143.853162254054
3143.853125358539
3143.853070752748
3143.853003945963
3143.852931432422
3143.852860125762
3143.852796791565
3143.852747420961
3143.852716689215
3143.85270752051
3143.852720808165
3143.852755315749
3143.852807803427
3143.852873331028
3143.852945707264
3143.853018040648
3143.853083347287
3143.853135088968
3143.853167708367
3142.865294092976
3142.865276633045
3142.865234610834
3142.865172900135
3142.865097763634
3142.865016487036
3142.864936797494
3142.864866219763
3142.864811398936
3142.864777500342
3142.864767737102
3142.864783059953
3142.864822049794
3142.864881064361
3142.864954577985
3142.86503567615
3142.865116667277
3142.865189743553
3142.865247581082
3142.865283888078
3141.880353841736
3141.880333292307
3141.880285491133
3141.880216079243
3141.88013215521
3141.880041821787
3141.879953624299
3141.879875828214
3141.879815705955
3141.879778879366
3141.879768818251
3141.879786501062
3141.879830301261
3141.879896157761
3141.879977952309
3141.880068046226
3141.880157950419
3141.880239024588
3141.880303130953
3141.880343156278
3140.901409172237
3140.901384690147
3140.901330312037
3140.901252636752
3140.901159685136
3140.901060368544
3140.900964002249
3140.900879511493
3140.900814706766
3140.900775577452
3140.900765776079
3140.900786252705
3140.900835141739
3140.900907959825
3140.900998021071
3140.901097008013
3140.901195690732
3140.90128463932
3140.901354906816
3140.901398458699
3139.932231824561
3139.932201914587
3139.932139212407
3139.93205163216
3139.931948317826
3139.931839069719
3139.931733998607
3139.931642668078
3139.931573381482
3139.931532433234
3139.93152359066
3139.931547704738
3139.931602605252
3139.931683333254
3139.931782598995
3139.931891383251
3139.931999700526
3139.932097297741
3139.932174332047
3139.932221617334
3138.978076933777
3138.978038965113
3138.977964439753
3138.977863235675
3138.977746035325
3138.977623793213
3138.977507605599
3138.977407795042
3138.977333224792
3138.977290506198
3138.977283484105
3138.977312823771
3138.97737592224
3138.977467187809
3138.977578557707
3138.977700136002
3138.977821004792
3138.977929886543
3138.978015767621
3138.978067838842
3138.04709670403
3138.04704605244
3138.04695295732
3138.046830416396
3138.046691474825
3138.046548884994
3138.046415270038
3138.046302147138
3138.046219263211
3138.046173738528
3138.04616954641
3138.046207067496
3138.046283017497
3138.04639080285
3138.046521143025
3138.046662767312
3138.046803301469
3138.046929885442
3138.047029679589
3138.047089331284
3137.153075164224
3137.153003840173
3137.152879788409
3137.152721142598
3137.152544855281
3137.152366805859
3137.152202334864
3137.152065178054
3137.151966776772
3137.151915298438
3137.151915072665
3137.151966083532
3137.152063909906
3137.152200213457
3137.152363545747
3137.152540168478
3137.152715084611
3137.152872635631
3137.152996811486
3137.153070014167
3136.31918913885
3136.31908355593
3136.318906714413
3136.318685313183
3136.318442970927
3136.31820118687
3136.317980321981
3136.317798366978
3136.317670105839
3136.317605887094
3136.317610930075
3136.317684694792
3136.317820821397
3136.318007846016
3136.318230341113
3136.318469986415
3136.318706894941
3136.318920268699
3136.31908841948
3136.319186499974
3135.58481449144
3135.58465211163
3135.584385218652
3135.584054760457
3135.58369578216
3135.583339861568
3135.58301657638
3135.582751940398
3135.582567177056
3135.582476998041
3135.582488597641
3135.582600795623
3135.582803924933
3135.583080937689
3135.583409151108
3135.583761827029
3135.584110046621
3135.58442361833
3135.584670705099
3135.58481406453
3135.012672807097
3135.012416931054
3135.011998955891
3135.011483250224
3135.010924112002
3135.010370580197
3135.009868454072
3135.009458103828
3135.00917238838
3135.00903403454
3135.009054057078
3135.009230479137
3135.00954806901
3135.009980107137
3135.010491219127
3135.011039800254
3135.011580976225
3135.012068077931
3135.012451746741
3135.012673971178
3134.707590876755
3134.707182747056
3134.706514465882
3134.705688444812
3134.704791045268
3134.703901094621
3134.703092397629
3134.702430351498
3134.701968314163
3134.701743361529
3134.701773580557
3134.70205611366
3134.702566471014
3134.703261410464
3134.704083671608
3134.704966041225
3134.705836038169
3134.706618613747
3134.707234616931
3134.707591638378
3134.827083981132
3134.826432621814
3134.825360741634
3134.824031162267
3134.822582112318
3134.821141268143
3134.819828692083
3134.818751424133
3134.817997003821
3134.817626523976
3134.817670169134
3134.818124091977
3134.818948761856
3134.820073713797
3134.82140567506
3134.822834977963
3134.824243474308
3134.825509335394
3134.826504730564
3134.827081979281
3135.618996871269
3135.617962873615
3135.616250188579
3135.614116103906
3135.611781518928
3135.609452954978
3135.607325642476
3135.605574513423
3135.604343164237
3135.603732393746
3135.603792652971
3135.604519228695
3135.605848543941
3135.607665932148
3135.609819455251
3135.612130596131
3135.614406923179
3135.616450729158
3135.618055883658
3135.618987216024
3137.43751845716
3137.435898863233
3137.433200275399
3137.429823401171
3137.426116661044
3137.42240922785
3137.419013784607
3137.416211745451
3137.414234704091
3137.413245878075
3137.413328036563
3137.414475986199
3137.416588767256
3137.419482313459
3137.422913089962
3137.426594692107
3137.430218531498
3137.433468530341
3137.436017209153
3137.437495449615
3140.789141579609
3140.786649308262
3140.782471824693
3140.777221956041
3140.771440055625
3140.765641564477
3140.760318413852
3140.755915019708
3140.752798046012
3140.751226899026
3140.751334733383
3140.753117129701
3140.756416541116
3140.760942575674
3140.766311727842
3140.772072787532
3140.777739746221
3140.78281615751
3140.786790881342
3140.78909470514
3146.341062314979
3146.337313617812
3146.330991802286
3146.323012814914
3146.314196331829
3146.30533131354
3146.297174226198
3146.290410756088
3146.285608087634
3146.283168972644
3146.283302696533
3146.28600839586
3146.291045674956
3146.297966387461
3146.306180241153
3146.314992567651
3146.323655331235
3146.331406282171
3146.337465465923
3146.340974695403
3154.948591038533
3154.943067087035
3154.933638558391
3154.921650080301
3154.908330922562
3154.894879410753
3154.882452996254
3154.872106194494
3154.864715588171
3154.860907429272
3154.861013480927
3154.865046051505
3154.872644857437
3154.883125834815
3154.895587627333
3154.908967114245
3154.922118652232
3154.933877368637
3154.943060909979
3154.948390249675
3167.595486254595
3167.587575952315
3167.573883000631
3167.556330704179
3167.536715492251
3167.516815079846
3167.498358581006
3167.482922598166
3167.471828202229
3167.466024572808
3167.466024390166
3167.47186695689
3167.483027516492
3167.498489812478
3167.516913594993
3167.536713775294
3167.556182689986
3167.573585943853
3167.587169609475
3167.595074376161
3184.991495974327
3184.980562030486
3184.961267618461
3184.936277733634
3184.908146818142
3184.879441476631
3184.852680162984
3184.830171891875
3184.813865353442
3184.805170195572
3184.804866362286
3184.813048980639
3184.828978470054
3184.85118565509
3184.877729885298
3184.906305912348
3184.934425693482
3184.95956608849
3184.979192623343
3184.990670049098
2957.517474354898
2957.517474355053
2957.517474355137
2957.517474355129
2957.517474355028
2957.517474354893
2957.51747435473
2957.517474354541
2957.517474354428
2957.517474354363
2957.517474354362
2957.517474354392
2957.517474354487
2957.517474354625
2957.517474354783
2957.517474354958
2957.517474355084
2957.517474355135
2957.517474355074
2957.517474354975
2969.084669731327
2969.084669731028
2969.08466973072
2969.084669730321
2969.084669729813
2969.08466972926
2969.084669728731
2969.084669728277
2969.084669727922
2969.084669727715
2969.084669727676
2969.084669727804
2969.084669728065
2969.084669728471
2969.084669728959
2969.084669729499
2969.084669730037
2969.084669730465
2969.084669730797
2969.084669731081
2980.177487042325
2980.177487041227
2980.177487040238
2980.177487039166
2980.177487037991
2980.177487036775
2980.177487035648
2980.177487034679
2980.177487033975
2980.177487033533
2980.177487033433
2980.177487033659
2980.177487034217
2980.177487035066
2980.177487036082
2980.177487037247
2980.177487038453
2980.177487039579
2980.177487040587
2980.177487041542
2990.767956615143
2990.767956612989
2990.767956611003
2990.767956608935
2990.767956606768
2990.767956604603
2990.767956602621
2990.767956600924
2990.767956599659
2990.767956598921
2990.767956598736
2990.767956599133
2990.767956600089
2990.767956601554
2990.767956603382
2990.767956605462
2990.767956607656
2990.767956609789
2990.767956611748
2990.767956613661
3000.865644717259
3000.865644713781
3000.865644710482
3000.865644707102
3000.865644703598
3000.865644700152
3000.865644697004
3000.865644694321
3000.865644692331
3000.865644691166
3000.865644690861
3000.865644691511
3000.865644693033
3000.865644695296
3000.865644698226
3000.865644701531
3000.865644705034
3000.865644708516
3000.865644711812
3000.865644714955
3010.489804887935
3010.48980488285
3010.489804877889
3010.489804872806
3010.489804867605
3010.489804862535
3010.489804857877
3010.489804853922
3010.489804850992
3010.489804849214
3010.489804848802
3010.489804849751
3010.489804851987
3010.48980485536
3010.489804859643
3010.48980486453
3010.489804869748
3010.489804874973
3010.489804879912
3010.489804884613
3019.659956828175
3019.65995682119
3019.659956814223
3019.65995680706
3019.659956799712
3019.659956792604
3019.659956786045
3019.659956780536
3019.659956776437
3019.659956773976
3019.659956773404
3019.659956774699
3019.659956777813
3019.659956782561
3019.659956788556
3019.659956795421
3019.65995680275
3019.659956810104
3019.659956817116
3019.659956823697
3028.394972659244
3028.394972650053
3028.394972640664
3028.394972630958
3028.394972621031
3028.394972611368
3028.394972602526
3028.394972595098
3028.394972589518
3028.394972586226
3028.394972585417
3028.394972587179
3028.394972591407
3028.394972597774
3028.394972605895
3028.394972615206
3028.394972625126
3028.394972635115
3028.394972644629
3028.394972653441
3036.713183916238
3036.71318390453
3036.713183892279
3036.713183879599
3036.713183866573
3036.713183853953
3036.713183842399
3036.713183832659
3036.71318382541
3036.713183821094
3036.713183820059
3036.713183822386
3036.713183827881
3036.71318383624
3036.713183846826
3036.71318385903
3036.713183871999
3036.713183885066
3036.713183897527
3036.713183908939
3044.632099627578
3044.632099613003
3044.632099597442
3044.632099581165
3044.632099564499
3044.632099548294
3044.632099533441
3044.632099520951
3044.632099511589
3044.632099506071
3044.632099504737
3044.632099507718
3044.63209951477
3044.632099525478
3044.632099539092
3044.632099554742
3044.632099571424
3044.632099588185
3044.63209960416
3044.63209961858
3052.168263812845
3052.168263795057
3052.168263775722
3052.168263755347
3052.168263734482
3052.168263714175
3052.168263695613
3052.168263679957
3052.168263668311
3052.168263661367
3052.168263659718
3052.168263663445
3052.168263672274
3052.168263685728
3052.168263702731
3052.168263722332
3052.168263743223
3052.168263764202
3052.168263784132
3052.168263802018
3059.337357260343
3059.337357238944
3059.337357215254
3059.337357190125
3059.337357164309
3059.337357139214
3059.337357116224
3059.337357096857
3059.33735708237
3059.337357073799
3059.337357071732
3059.337357076329
3059.337357087309
3059.337357103882
3059.337357125017
3059.337357149268
3059.337357175118
3059.337357201056
3059.337357225642
3059.337357247438
3066.154301003759
3066.154300978376
3066.154300949771
3066.154300919296
3066.154300887943
3066.154300857411
3066.154300829468
3066.154300805956
3066.154300788371
3066.154300777969
3066.154300775445
3066.154300781047
3066.1543007944
3066.154300814574
3066.154300840248
3066.154300869745
3066.154300901124
3066.15430093262
3066.154300962439
3066.154300988598
3072.633270603826
3072.633270574006
3072.633270539908
3072.633270503283
3072.63327046555
3072.633270428753
3072.633270395094
3072.633270366703
3072.633270345509
3072.633270332948
3072.633270329894
3072.633270336661
3072.633270352748
3072.633270377086
3072.633270408031
3072.633270443582
3072.63327048142
3072.633270519334
3072.633270555086
3072.633270586203
3078.787762590011
3078.787762555306
3078.787762515047
3078.787762471569
3078.787762426731
3078.787762383024
3078.787762342989
3078.787762309245
3078.787762284009
3078.787762269076
3078.787762265493
3078.787762273536
3078.78776229267
3078.787762321637
3078.787762358436
3078.787762400688
3078.787762445704
3078.787762490726
3078.787762533081
3078.787762569637
3084.630645270324
3084.630645230304
3084.630645183213
3084.630645132027
3084.63064507913
3084.630645027483
3084.630644980162
3084.630644940279
3084.630644910429
3084.630644892758
3084.630644888515
3084.630644898043
3084.630644920633
3084.630644954891
3084.630644998394
3084.630645048338
3084.630645101504
3084.630645154577
3084.630645204445
3084.630645247094
3090.174203409899
3090.174203364047
3090.17420330932
3090.174203249637
3090.174203187834
3090.174203127457
3090.17420307213
3090.17420302549
3090.174202990602
3090.174202969969
3090.174202964981
3090.174202976113
3090.1742030026
3090.174203042653
3090.174203093522
3090.174203151938
3090.174203214046
3090.174203276028
3090.174203334113
3090.174203383457
3095.430179771636
3095.430179719429
3095.430179656347
3095.430179587132
3095.430179515368
3095.430179445102
3095.430179380744
3095.430179326432
3095.430179285833
3095.430179261773
3095.430179255991
3095.430179268954
3095.430179299777
3095.430179346395
3095.430179405642
3095.430179473577
3095.430179545795
3095.430179617801
3095.430179685072
3095.430179741794
3100.409811759753
3100.409811700673
3100.409811628298
3100.409811548599
3100.409811465883
3100.4098113849
3100.409811310608
3100.409811247897
3100.40981120104
3100.409811173303
3100.409811166613
3100.409811181602
3100.409811217218
3100.409811271016
3100.409811339393
3100.409811417779
3100.409811501082
3100.409811584055
3100.409811661375
3100.409811726182
3105.123864043907
3105.123863977297
3105.123863894898
3105.123863803622
3105.123863708694
3105.123863615649
3105.123863530299
3105.123863458208
3105.123863404303
3105.123863372382
3105.123863364703
3105.123863381936
3105.12386342287
3105.123863484745
3105.123863563348
3105.123863653429
3105.123863749103
3105.123863844266
3105.123863932758
3105.123864006358
3109.582657702772
3109.582657628071
3109.582657534574
3109.58265743059
3109.582657322359
3109.582657216187
3109.582657118709
3109.582657036416
3109.582656974858
3109.582656938398
3109.582656929662
3109.582656949348
3109.582656996108
3109.582657066819
3109.582657156544
3109.582657259402
3109.582657368554
3109.582657476996
3109.582657577655
3109.582657660957
3113.796096371158
3113.79609628773
3113.79609618223
3113.796096064319
3113.796095941344
3113.796095820612
3113.796095709738
3113.796095616074
3113.796095546007
3113.796095504498
3113.796095494551
3113.796095516955
3113.796095570216
3113.796095650654
3113.79609575281
3113.796095869777
3113.796095993867
3113.796096117013
3113.796096231058
3113.796096324753
3117.773689718513
3117.773689625658
3117.773689506947
3117.773689373832
3117.773689234844
3117.773689098245
3117.773688972781
3117.773688866739
3117.773688787418
3117.773688740429
3117.773688729157
3117.773688754555
3117.773688814882
3117.773688905962
3117.773689021619
3117.77368915399
3117.773689294354
3117.773689433475
3117.773689562014
3117.773689667187
3121.524574715041
3121.52457461208
3121.524574479188
3121.524574329501
3121.52457417294
3121.524574018927
3121.524573877397
3121.524573757743
3121.524573668221
3121.524573615173
3121.524573602456
3121.524573631131
3121.524573699202
3121.524573802028
3121.524573932514
3121.524574081795
3121.524574240018
3121.524574396666
3121.524574541087
3121.524574658494
3125.057534881038
3125.057534767157
3125.057534618748
3125.057534450961
3125.057534275292
3125.05753410232
3125.057533943296
3125.05753380879
3125.05753370816
3125.05753364854
3125.057533634278
3125.057533666509
3125.057533743058
3125.057533858661
3125.057534005324
3125.057534173026
3125.05753435068
3125.057534526354
3125.057534688035
3125.057534818861
3128.381017898014
3128.381017772489
3128.381017607375
3128.381017420036
3128.381017223558
3128.3810170299
3128.381016851828
3128.381016701132
3128.381016588375
3128.381016521547
3128.38101650556
3128.381016541697
3128.381016627532
3128.381016757063
3128.381016921359
3128.381017109171
3128.381017308014
3128.381017504407
3128.381017684766
3128.381017829884
3131.503151674
3131.50315153592
3131.503151352668
3131.503151144017
3131.50315092486
3131.50315070873
3131.50315050986
3131.503150341531
3131.503150215543
3131.503150140878
3131.503150123038
3131.503150163431
3131.503150259348
3131.503150404072
3131.503150587613
3131.503150797293
3131.503151019162
3131.503151238108
3131.503151438736
3131.50315159946
3134.431759188757
3134.431759037301
3134.431758834626
3134.431758602987
3134.431758359371
3134.431758118849
3134.431757897446
3134.431757710021
3134.431757569699
3134.431757486553
3134.431757466695
3134.431757511723
3134.431757618571
3134.431757779804
3134.431757984176
3134.431758217582
3134.43175846439
3134.431758707671
3134.431758930146
3134.431759107464
3137.174372133442
3137.174371967624
3137.174371743829
3137.174371487214
3137.174371216955
3137.174370949908
3137.174370703977
3137.174370495671
3137.174370339727
3137.174370247263
3137.174370225221
3137.174370275273
3137.174370394104
3137.174370573298
3137.174370800386
3137.174371059616
3137.174371333574
3137.174371603306
3137.174371849509
3137.174372044904
3139.738243631915
3139.738243450823
3139.738243204471
3139.738242921079
3139.738242622132
3139.738242326521
3139.738242054158
3139.73824182341
3139.738241650616
3139.738241548182
3139.73824152377
3139.738241579298
3139.738241711021
3139.738241909572
3139.738242161147
3139.738242448198
3139.738242751358
3139.738243049551
3139.738243321154
3139.738243535741
3142.130360007513
3142.130359810033
3142.130359539291
3142.13035922675
3142.130358896658
3142.130358569949
3142.130358268756
3142.130358013465
3142.130357822291
3142.130357708922
3142.130357681922
3142.130357743385
3142.130357889154
3142.130358108863
3142.130358387137
3142.130358704511
3142.130359039476
3142.130359368598
3142.130359667755
3142.13035990313
3144.357451843843
3144.357451628952
3144.357451332151
3144.357450988497
3144.357450624977
3144.35745026493
3144.357449932859
3144.357449651285
3144.357449440402
3144.357449315355
3144.357449285577
3144.357449353492
3144.357449514369
3144.35744975675
3144.357450063691
3144.357450413529
3144.357450782538
3144.357451144759
3144.357451473408
3144.357451730848
3146.426004287191
3146.42600405372
3146.426003728787
3146.426003351334
3146.426002951536
3146.426002555154
3146.426002189411
3146.426001879163
3146.426001646696
3146.426001508868
3146.42600147609
3146.4260015509
3146.426001728256
3146.426001995413
3146.426002333587
3146.426002718852
3146.42600312495
3146.426003523087
3146.42600388366
3146.426004164994
3148.342266784014
3148.342266530778
3148.342266175877
3148.342265762415
3148.342265323809
3148.342264888634
3148.342264486865
3148.342264145953
3148.342263890506
3148.342263739027
3148.342263703018
3148.342263785346
3148.342263980357
3148.342264274015
3148.342264645578
3148.342265068703
3148.342265514393
3148.342265950915
3148.342266345483
3148.342266652132
3150.112262218901
3150.112261944612
3150.112261557385
3150.112261104881
3150.112260624162
3150.112260146739
3150.112259705736
3150.112259331365
3150.112259050781
3150.11225888434
3150.112258844812
3150.112258935289
3150.11225914953
3150.112259472068
3150.112259880018
3150.112260344371
3150.112260833148
3150.112261311331
3150.112261742674
3150.112262076655
3151.741795591726
3151.741795295047
3151.741794873417
3151.741794379316
3151.741793853679
3151.741793331186
3151.741792848273
3151.741792438233
3151.741792130804
3151.741791948489
3151.74179190521
3151.741792004435
3151.741792239271
3151.741792592672
3151.7417930395
3151.741793547854
3151.741794082584
3151.741794605138
3151.741795075667
3151.741795438585
3153.236462194249
3153.236461873753
3153.236461415087
3153.236460875942
3153.236460301544
3153.236459730077
3153.23645920155
3153.236458752566
3153.236458415858
3153.23645821617
3153.236458168765
3153.236458277468
3153.236458534727
3153.236458921759
3153.236459410927
3153.236459967135
3153.236460551777
3153.236461122484
3153.236461635331
3153.236462029485
3154.60165544993
3154.601655104141
3154.601654606075
3154.601654019003
3154.601653392618
3154.601652768874
3154.601652191734
3154.601651701222
3154.601651333334
3154.601651115094
3154.601651063362
3154.601651182246
3154.601651463496
3154.60165188645
3154.601652420778
3154.601653028059
3154.601653665875
3154.601654287845
3154.601654845727
3154.601655272937
3155.842574275162
3155.842573902469
3155.842573362017
3155.842572723111
3155.842572040388
3155.842571359868
3155.842570729757
3155.84257019402
3155.842569792045
3155.842569553589
3155.842569497059
3155.84256962701
3155.842569934327
3155.842570396386
3155.842570979916
3155.842571642698
3155.842572338299
3155.84257301581
3155.842573622355
3155.842574085118
3156.964230230544
3156.964229829318
3156.964229243762
3156.964228549704
3156.964227806895
3156.964227065816
3156.964226379211
3156.964225795185
3156.964225356888
3156.964225096879
3156.964225035299
3156.964225177091
3156.964225512311
3156.964226016169
3156.964226652186
3156.964227374216
3156.964228131395
3156.964228868057
3156.964229526307
3156.964230026781
3157.971454244236
3157.97145381264
3157.971453178629
3157.971452424964
3157.971451616999
3157.971450810197
3157.971450062118
3157.97144942551
3157.971448947599
3157.97144866401
3157.971448596861
3157.971448751527
3157.971449117099
3157.971449666409
3157.97145035954
3157.971451145955
3157.971451969966
3157.971452770699
3157.971453484795
3157.971454025862
3158.868903104854
3158.868902641067
3158.868901955451
3158.868901138207
3158.868900260753
3158.868899383699
3158.868898569926
3158.868897877105
3158.868897356877
3158.868897048159
3158.868896975055
3158.868897143537
3158.868897541645
3158.868898139624
3158.868898893848
3158.868899749024
3158.868900644383
3158.868901513439
3158.868902286969
3158.868902871073
3159.661065755665
3159.661065257603
3159.66106451657
3159.661063630772
3159.661062678085
3159.661061724832
3159.661060839687
3159.661060085746
3159.661059519405
3159.661059183218
3159.661059103653
3159.66105928714
3159.66105972053
3159.66106037139
3159.661061191949
3159.661062121798
3159.661063094498
3159.66106403746
3159.661064875093
3159.661065505466
3160.352269169999
3160.352268635602
3160.352267835434
3160.352266876302
3160.352265843036
3160.352264808048
3160.352263846333
3160.352263026763
3160.352262410945
3160.352262045346
3160.352261958816
3160.352262158427
3160.352262629806
3160.352263337461
3160.352264229216
3160.352265239173
3160.35226629474
3160.352267316801
3160.352268222857
3160.352268902481
3160.946684240863
3160.946683667796
3160.94668280417
3160.946681766049
3160.946680645671
3160.94667952226
3160.946678477568
3160.946677586767
3160.946676917158
3160.946676519561
3160.946676425461
3160.946676642534
3160.946677155092
3160.946677924368
3160.94667889331
3160.946679990049
3160.946681135199
3160.946682242676
3160.946683222422
3160.946683954875
3161.448331339476
3161.448330725276
3161.448329793747
3161.448328670836
3161.448327456801
3161.448326238122
3161.448325103933
3161.448324136288
3161.448323408667
3161.448322976509
3161.448322874201
3161.448323110161
3161.448323667182
3161.448324502928
3161.448325555144
3161.448326745354
3161.448327986985
3161.448329186233
3161.448330244992
3161.448331033914
3161.861085530012
3161.86108487204
3161.861083867605
3161.861082653383
3161.861081338116
3161.861080016391
3161.861078785174
3161.861077734201
3161.861076943575
3161.861076473906
3161.861076362667
3161.861076619053
3161.861077224266
3161.861078132094
3161.861079274542
3161.861080565977
3161.86108191193
3161.861083210304
3161.861084354088
3161.861085203594
3162.188682204306
3162.188681499704
3162.188680417079
3162.188679104569
3162.188677680093
3162.188676246987
3162.188674910784
3162.188673769635
3162.188672910728
3162.188672400375
3162.188672279413
3162.188672557909
3162.188673215316
3162.188674201191
3162.188675441259
3162.188676842172
3162.188678300801
3162.188679706006
3162.188680941272
3162.188681855693
3162.43472158811
3162.434720833789
3162.434719667046
3162.434718248424
3162.434716705695
3162.434715151744
3162.43471370153
3162.43471246224
3162.434711529062
3162.434710974374
3162.434710842802
3162.434711145305
3162.434711859424
3162.434712930092
3162.434714276215
3162.434715795943
3162.434717376723
3162.434718897533
3162.434720231508
3162.434721215839
3162.602674166929
3162.602673359537
3162.602672102332
3162.6026705691
3162.602668898368
3162.602667213328
3162.602665639349
3162.602664293408
3162.602663279462
3162.602662676534
3162.602662533332
3162.602662861863
3162.602663637579
3162.602664800405
3162.602666261654
3162.602667910312
3162.602669623482
3162.602671269372
3162.602672709887
3162.602673769312
3162.695885345139
3162.695884481044
3162.69588312628
3162.695881469073
3162.695879659438
3162.695877831927
3162.695876123184
3162.695874661041
3162.695873558994
3162.695872903428
3162.695872747488
3162.695873104336
3162.695873947105
3162.695875210243
3162.695876796818
3162.695878585708
3162.695880442665
3162.695882224249
3162.695883779995
3162.695884920419
3162.717579656621
3162.717578731748
3162.717577271437
3162.717575479534
3162.717573518386
3162.717571535276
3162.71756967902
3162.71756808959
3162.717566890903
3162.717566177506
3162.717566007439
3162.717566395179
3162.71756731128
3162.717568684129
3162.717570407823
3162.717572350015
3162.717574364009
3162.717576293493
3162.71757797451
3162.717579202724
3162.67086634666
3162.670865356719
3162.670863782541
3162.670861844766
3162.670859719181
3162.670857566884
3162.670855550115
3162.670853822057
3162.67085251805
3162.670851741576
3162.670851556065
3162.67085197738
3162.670852973336
3162.670854465664
3162.670856338588
3162.670858447514
3162.670860632102
3162.670862722017
3162.670864538555
3162.670865861428
3162.558742585406
3162.558741525329
3162.558739827011
3162.558737729293
3162.558735422735
3162.558733083654
3162.558730889326
3162.558729007717
3162.558727586853
3162.558726740237
3162.558726537285
3162.558726995462
3162.558728079553
3162.558729703918
3162.558731741715
3162.558734034806
3162.558736407614
3162.558738674191
3162.558740639559
3162.558742066035
3162.384098473703
3162.384097338283
3162.384095505465
3162.384093233891
3162.384090730071
3162.384088187121
3162.384085798832
3162.384083749258
3162.384082200552
3162.384081277085
3162.384081054943
3162.38408155338
3162.384082733737
3162.384084502425
3162.384086720349
3162.38408921458
3162.384091792676
3162.384094251728
3162.384096378846
3162.384097917559
3162.149721759421
3162.149720542445
3162.149718562267
3162.149716099057
3162.149713376933
3162.149710607769
3162.149708003781
3162.149705767156
3162.149704075769
3162.14970306637
3162.149702822451
3162.149703365232
3162.149704652424
3162.149706581339
3162.149708999426
3162.149711716943
3162.149714522801
3162.149717194972
3162.149719500667
3162.149721162906
3161.858299766214
3161.85829846086
3161.858296319288
3161.858293645112
3161.85829068177
3161.858287662144
3161.858284818862
3161.85828237451
3161.858280524448
3161.858279419267
3161.858279150765
3161.858279742443
3161.858281147875
3161.858283254402
3161.858285894282
3161.858288859225
3161.858291917116
3161.858294824846
3161.858297327447
3161.858299125429
3161.512426411402
3161.512425010071
3161.512422691101
3161.512419783711
3161.512416552836
3161.512413254663
3161.512410144851
3161.512407468774
3161.51240544148
3161.512404229039
3161.512403932623
3161.512404578344
3161.512406115206
3161.512408419299
3161.512411306034
3161.512414546263
3161.512417884387
3161.512421053465
3161.512423774049
3161.512425721853
3161.114603021018
3161.114601514722
3161.11459899896
3161.114595831089
3161.114592300023
3161.114588688395
3161.114585277968
3161.114582339968
3161.114580112016
3161.114578777717
3161.114578448947
3161.114579154921
3161.114580839453
3161.114583366032
3161.114586530786
3161.114590080995
3161.114593734367
3161.114597197067
3161.114600161899
3161.114602276985
3160.667242314423
3160.667240693119
3160.667237958656
3160.667234499386
3160.667230631109
3160.667226666374
3160.667222916605
3160.667219682473
3160.667217227135
3160.66721575439
3160.667215388233
3160.667216161458
3160.667218012059
3160.667220789287
3160.667224267507
3160.667228167069
3160.667232175528
3160.667235968398
3160.667239207221
3160.667241509364
3160.172674452933
3160.172672704934
3160.17266972593
3160.17266593844
3160.172661688718
3160.17265732327
3160.172653187597
3160.172649616106
3160.172646901212
3160.172645269845
3160.172644860039
3160.172645708737
3160.172647747418
3160.172650809081
3160.17265464319
3160.172658939439
3160.172663350718
3160.172667517582
3160.172671066079
3160.172673578928
3159.633143401435
3159.633141512603
3159.633138256424
3159.633134093406
3159.633129404853
3159.633124576703
3159.633119994164
3159.63311603102
3159.633113014012
3159.633111197118
3159.633110734929
3159.633111669433
3159.633113924615
3159.633117314596
3159.633121559935
3159.633126314531
3159.633131190958
3159.633135789018
3159.633139693605
3159.633142448001
3159.050815736682
3159.050813691254
3159.050810121686
3159.050805530943
3159.050800340299
3159.050794981125
3159.050789884617
3159.050785470108
3159.050782104207
3159.050780072285
3159.050779548272
3159.050780579999
3159.050783082997
3159.050786849702
3159.050791567255
3159.0507968482
3159.050802258446
3159.050807350592
3159.050811662457
3159.050814692239
3158.427779046364
3158.427776824513
3158.42777289389
3158.427767805118
3158.427762026634
3158.427756043086
3158.427750340489
3158.427745392343
3158.427741612735
3158.427739324504
3158.427738724788
3158.427739868695
3158.427742661849
3158.42774687109
3158.427752144056
3158.427758044189
3158.427764082143
3158.427769754422
3158.427774543327
3158.427777894758
3157.766037590484
3157.766035168729
3157.766030819454
3157.766025147383
3157.766018676431
3157.766011954534
3157.766005532984
3157.765999950103
3157.765995677006
3157.76599308151
3157.76599238876
3157.765993662807
3157.765996797758
3157.766001530029
3157.766007460313
3157.766014093315
3157.766020873701
3157.76602723117
3157.766032582372
3157.766036311759
3157.067524269982
3157.067521620738
3157.067516784517
3157.067510427501
3157.067503139345
3157.067495542878
3157.06748826799
3157.067481930126
3157.06747706862
3157.06747410511
3157.067473298547
3157.067474723903
3157.067478261805
3157.06748361266
3157.067490321198
3157.067497822236
3157.067505482095
3157.067512650234
3157.067518665544
3157.067522840176
3156.33408262205
3156.334079709489
3156.334074293083
3156.334067110227
3156.334058830402
3156.334050167876
3156.334041848254
3156.334034582907
3156.334028995995
3156.334025576196
3156.334024624577
3156.334026230008
3156.334030257114
3156.334036362059
3156.334044020886
3156.334052582152
3156.334061314524
3156.334069469818
3156.334076292288
3156.33408100671
3155.567471515198
3155.567468297801
3155.567462193104
3155.567454020866
3155.567444546884
3155.567434595945
3155.567425012829
3155.567416623755
3155.567410155867
3155.567406179372
3155.567405047156
3155.567406865462
3155.56741147979
3155.567418492883
3155.567427297687
3155.567437137979
3155.567447166743
3155.567456514233
3155.567464310065
3155.567469674183
3154.769368344897
3154.769364770497
3154.769357837661
3154.769348462534
3154.76933752899
3154.769325997301
3154.769314855964
3154.769305076647
3154.769297515689
3154.769292845193
3154.769291482746
3154.769293556871
3154.769298889949
3154.769307018919
3154.76931723394
3154.769328649017
3154.769340269073
3154.769351078439
3154.769360066186
3154.769366224547
3153.941331727673
3153.941327729383
3153.941319783209
3153.94130892025
3153.941296170997
3153.941282664841
3153.941269575718
3153.94125805481
3153.941249120471
3153.941243573505
3153.94124191396
3153.941244299094
3153.941250522947
3153.941260040359
3153.941272012633
3153.941285390689
3153.941298999079
3153.941311633521
3153.94132210749
3153.94132925489
3153.084829735923
3153.084825235927
3153.084816061363
3153.084803379281
3153.084788400411
3153.084772462562
3153.084756967089
3153.084743289783
3153.084732651185
3153.084726012368
3153.08472397655
3153.084726737213
3153.084734054223
3153.084745281025
3153.084759419633
3153.084775218911
3153.084791277127
3153.084806158995
3153.084818461631
3153.084826824881
3152.201207793183
3152.201202688255
3152.201191990704
3152.201177032028
3152.201159249421
3152.201140243455
3152.201121703193
3152.201105290902
3152.201092485379
3152.201084452154
3152.201081926915
3152.201085150316
3152.201093839851
3152.201107220792
3152.201124093646
3152.201142950573
3152.201162101277
3152.20117981866
3152.201194426929
3152.201204322584
3151.291644973289
3151.291639135363
3151.291626544606
3151.291608732502
3151.291587420605
3151.291564540987
3151.2915421482
3151.291522268216
3151.291506708906
3151.291496896854
3151.291493737247
3151.291497532167
3151.291507946346
3151.29152404312
3151.291544367643
3151.291567086333
3151.291590143269
3151.291611440772
3151.291628958626
3151.291640787937
3150.35718907629
3150.35718234668
3150.357167400794
3150.357146013937
3150.357120263739
3150.357092500271
3150.357065242467
3150.357040976022
3150.357021926191
3150.357009851792
3150.357005874602
3150.357010375701
3150.357022954438
3150.357042469862
3150.357067143995
3150.357094731225
3150.357122714996
3150.357148526977
3150.357169712192
3150.357183979493
3149.398724397984
3149.398716575558
3149.398698686055
3149.398672803867
3149.39864145386
3149.398607514148
3149.398574094413
3149.398544263523
3149.398520777893
3149.398505819916
3149.398500788429
3149.398506166604
3149.398521472004
3149.398545305106
3149.398575478155
3149.398609222555
3149.398643439111
3149.398674961089
3149.398700783598
3149.398718135441
3148.416971209964
3148.416962041033
3148.41694046743
3148.416908931759
3148.416870519074
3148.416828774806
3148.416787556546
3148.416750673662
3148.416721557756
3148.416702930735
3148.416696544888
3148.416703014676
3148.41672175536
3148.416751040226
3148.416788162136
3148.416829689323
3148.416871784338
3148.416910522645
3148.416942204996
3148.41696345793
3147.412498404765
3147.41248756395
3147.412461369091
3147.412422717127
3147.412375394246
3147.412323788639
3147.412272703318
3147.412226887812
3147.412190631692
3147.412167343049
3147.412159224373
3147.41216705823
3147.412190131317
3147.412226302691
3147.412272207009
3147.41232357191
3147.412375623312
3147.41242347972
3147.412462565162
3147.412488751516
3146.385758119332
3146.385745183899
3146.385713174918
3146.385665551968
3146.385606978229
3146.385542906924
3146.385479335664
3146.385422207625
3146.385376901516
3146.385347697464
3146.385337370405
3146.385346917249
3146.385375462465
3146.385420340239
3146.385477350475
3146.385541155365
3146.385605792817
3146.385665173027
3146.385713613322
3146.385746040784
3145.337135883493
3145.337120293131
3145.337080949751
3145.337022009339
3145.336949228794
3145.336869406641
3145.336790049307
3145.336718612471
3145.336661855235
3145.336625163517
3145.33661203804
3145.336623747557
3145.336659210742
3145.336715096412
3145.336786146345
3145.336865673527
3145.336946211412
3145.337020145717
3145.337080397726
3145.337120715276
3144.267145201655
3144.267126183247
3144.267077503064
3144.267004188344
3144.266913371476
3144.266813557764
3144.266714164608
3144.266624570186
3144.266553286234
3144.266507104096
3144.266490445331
3144.26650492181
3144.266549188234
3144.266619065436
3144.266707947679
3144.2668074329
3144.266908143199
3144.267000534264
3144.267075762574
3144.267126093028
3143.176592323049
3143.176568850794
3143.176508365519
3143.176416960931
3143.176303463789
3143.176178527485
3143.176053969881
3143.175941586667
3143.175852087744
3143.175794025362
3143.175772972871
3143.175790968955
3143.175846331961
3143.175933814169
3143.176045115291
3143.176169679646
3143.176295725584
3143.176411289191
3143.176505308888
3143.176568224598
3142.066841571544
3142.06681207115
3142.066736281201
3142.066621642927
3142.066479141939
3142.066322155821
3142.066165545707
3142.066024178604
3142.065911555224
3142.065838467021
3142.065811944917
3142.065834559702
3142.065904188138
3142.066014209129
3142.066154151199
3142.066310710007
3142.066469048558
3142.066614133427
3142.066732109768
3142.066811091165
3140.940635031226
3140.940597361682
3140.940501818278
3140.940357512902
3140.940178132334
3140.939980518268
3140.939783373572
3140.939605441803
3140.939463733893
3140.939371842052
3140.939338614533
3140.939367272662
3140.939455118655
3140.939593785467
3140.939770056387
3140.939967157594
3140.940166386188
3140.940348842131
3140.94049712294
3140.940596447104
3139.802160363939
3139.802111237325
3139.801989833241
3139.801807321144
3139.801580803379
3139.801331502668
3139.80108296422
3139.800858807832
3139.800680457814
3139.800565034426
3139.800523655288
3139.800560335588
3139.800671616807
3139.800846894059
3139.801069451332
3139.801318110802
3139.801569299055
3139.801799243031
3139.801986084298
3139.802111378397
3138.658341745737
3138.658276230919
3138.658120475772
3138.657888237223
3138.657600972596
3138.657285479362
3138.656971436688
3138.656688635318
3138.656464053463
3138.656319213623
3138.656268058656
3138.656315558168
3138.656457234421
3138.656679599468
3138.656961485199
3138.657276132945
3138.657593774668
3138.657884471696
3138.658120710092
3138.658279379718
3137.519842437121
3137.519753230401
3137.519551444892
3137.519254072585
3137.518888167761
3137.518487625367
3137.518089900371
3137.517732558071
3137.517449558639
3137.517267956249
3137.517205200832
3137.517267398251
3137.517448697293
3137.517731885773
3137.51809009471
3137.518489455057
3137.518892366137
3137.519261075751
3137.519560899033
3137.519762725582
3136.402554928261
3136.402430474388
3136.402165472407
3136.401781079873
3136.401311632902
3136.400800153624
3136.400294049303
3136.399840799636
3136.399483222965
3136.399255334894
3136.39917898177
3136.399261622513
3136.399495500365
3136.399858497946
3136.400316377145
3136.400826135481
3136.401340118553
3136.401810581497
3136.402193652335
3136.40245236533
3135.33047991528
3135.330302762163
3135.329949941238
3135.329448171736
3135.328841389843
3135.328184396316
3135.327537355026
3135.326960364218
3135.326507466173
3135.32622144925
3135.326129643543
3135.326241075764
3135.326545316137
3135.327013748114
3135.327602553159
3135.328256948646
3135.328916395422
3135.329520345488
3135.330013110873
3135.330347291221
3134.339727802315
3134.339471114661
3134.338994273839
3134.338331692192
3134.337540122417
3134.336689730922
3134.335857188707
3134.335118804102
3134.33454294979
3134.334183519275
3134.334074727216
3134.334227388281
3134.334627246558
3134.335236933326
3134.336000035637
3134.336846429184
3134.337698878465
3134.338480280103
3134.339119591504
3134.339555341431
3133.486170633316
3133.485791923214
3133.485135750882
3133.484247842985
3133.483202426291
3133.482090028933
3133.481008981652
3133.480056663123
3133.47931995952
3133.478866996513
3133.478740734325
3133.478953979279
3133.479486822095
3133.480289802058
3133.481289614505
3133.482395802473
3133.483509205328
3133.484531016316
3133.48536994351
3133.485945076173
3132.856654948697
3132.856090144242
3132.855174379945
3132.853970488215
3132.852576591019
3132.851110104465
3132.849697561939
3132.848463504343
3132.847518446005
3132.846948422188
3132.84680730455
3132.847109910201
3132.847827933084
3132.848895185989
3132.85021582028
3132.851672631351
3132.853137814881
3132.854484336407
3132.85559433494
3132.856359971552
3132.584064363854
3132.583215787492
3132.581922135014
3132.580272621158
3132.57839820925
3132.576451830907
3132.574596629227
3132.572991900261
3132.571778086774
3132.571063643804
3132.570915922738
3132.571351463786
3132.572329326345
3132.573759943986
3132.575517191864
3132.577448576586
3132.579389066522
3132.581175040958
3132.582653840986
3132.583680126402
3132.87451801312
3132.873237880857
3132.871392069392
3132.869111174129
3132.866571533015
3132.863973045813
3132.861526230004
3132.859433900419
3132.857874100631
3132.856984092297
3132.856847763325
3132.857482560606
3132.858828319504
3132.860762376778
3132.86311708694
3132.865692570927
3132.868276535173
3132.870658123778
3132.872639165139
3132.87402183304
3134.032791374698
3134.030861150244
3134.028195350458
3134.02499117354
3134.021490685741
3134.017960171838
3134.014676008567
3134.011881676214
3134.009821083416
3134.008683012561
3134.008575226511
3134.00951591195
3134.011414915438
3134.014099380424
3134.017337238792
3134.020833047138
3134.024334084258
3134.027563983795
3134.030260820711
3134.032150256515
3136.492192284227
3136.489311573285
3136.485487311279
3136.481016848851
3136.476230336479
3136.471478610321
3136.467119364146
3136.463476631772
3136.460848249103
3136.459462299637
3136.45945110742
3136.46082947479
3136.463463577259
3136.467113782355
3136.47147276589
3136.476173136107
3136.480869319022
3136.485204405637
3136.488836680906
3136.49138835657
3140.878576035621
3140.874376231683
3140.869064311927
3140.863072628557
3140.856830733865
3140.85077219247
3140.84532697852
3140.840884374143
3140.83778213054
3140.836272581136
3140.836502019395
3140.838471743058
3140.841987660893
3140.846730113458
3140.852313076341
3140.858297494609
3140.864254931189
3140.869757837565
3140.874390401183
3140.877655805474
3147.991818634751
3147.985855485812
3147.978700248073
3147.970960898777
3147.963172386098
3147.95583723938
3147.949433121291
3147.944381004712
3147.941028783845
3147.939624479813
3147.940308930619
3147.943054752718
3147.947586730117
3147.953492473292
3147.960311139868
3147.967542826285
3147.974702938337
3147.981319248366
3147.986921416504
3147.990883670928
3158.762355685782
3158.754145476795
3158.744820528074
3158.735205698466
3158.725936517608
3158.717552529435
3158.710532278003
3158.705272536415
3158.702078108916
3158.701144904203
3158.702577322259
3158.706298432259
3158.71192809645
3158.718952341101
3158.726852000541
3158.735097438043
3158.743194709856
3158.750675681378
3158.757055402953
3158.761581464707
3174.156461038133
3174.145538605037
3174.133832957607
3174.122420687404
3174.11201410884
3174.103130331899
3174.09616990573
3174.091417259835
3174.089048849453
3174.089134929269
3174.09169654265
3174.09657939403
3174.103274309492
3174.111166410589
3174.119714986454
3174.128420985755
3174.136858705195
3174.14464559768
3174.151351967348
3174.156123236606
3194.599671648953
3194.585744260997
3194.571639674832
3194.558727074325
3194.547757437446
3194.539149882368
3194.533131446222
3194.529771260352
3194.529018768806
3194.530735394119
3194.534807569198
3194.540976771692
3194.548585050088
3194.556926430709
3194.565488798596
3194.573880077432
3194.581836305772
3194.589158587286
3194.595558481409
3194.600120284058
)
;
    }
    symm_left
    {
        type            cyclic;
    }
    symm_right
    {
        type            cyclic;
    }
}


// ************************************************************************* //
