/*--------------------------------*- C++ -*----------------------------------*\
| =========                 |                                                 |
| \\      /  F ield         | OpenFOAM: The Open Source CFD Toolbox           |
|  \\    /   O peration     | Version:  v1812                                 |
|   \\  /    A nd           | Web:      www.OpenFOAM.com                      |
|    \\/     M anipulation  |                                                 |
\*---------------------------------------------------------------------------*/
FoamFile
{
    version     2.0;
    format      ascii;
    class       vectorField;
    location    "constant/polyMesh";
    object      points;
}
// * * * * * * * * * * * * * * * * * * * * * * * * * * * * * * * * * * * * * //


216
(
(-5 -5 -5)
(-3 -5 -5)
(-1 -5 -5)
(1 -5 -5)
(3 -5 -5)
(5 -5 -5)
(-5 -3 -5)
(-3 -3 -5)
(-0.9999999999999997 -3 -5)
(0.9999999999999997 -3 -5)
(3.000000000000001 -3 -5.000000000000001)
(5 -3 -5)
(-5 -1 -5)
(-3 -0.9999999999999994 -5)
(-0.9999999999999997 -1 -5)
(0.9999999999999999 -0.9999999999999999 -5)
(3 -0.9999999999999999 -5)
(5 -1 -5)
(-5 1 -5)
(-3 0.9999999999999997 -5)
(-1 0.9999999999999999 -5)
(0.9999999999999997 0.9999999999999999 -5)
(3 0.9999999999999997 -5)
(5 1 -5)
(-5 3 -5)
(-3 3 -5.000000000000001)
(-0.9999999999999997 3 -5)
(0.9999999999999997 3 -5)
(3 3 -5)
(5 3 -5)
(-5 5 -5)
(-3 5 -5)
(-1 5 -5)
(1 5 -5)
(3 5 -5)
(5 5 -5)
(-5 -5 -3)
(-3 -5 -3)
(-0.9999999999999999 -5 -3)
(0.9999999999999997 -5 -3)
(3 -5 -3)
(5 -5 -3)
(-5 -3 -3)
(-3 -3 -3)
(-0.9999999999999997 -3 -3)
(0.9999999999999997 -3 -3)
(3 -3 -3)
(5 -3 -3)
(-5 -0.9999999999999999 -3)
(-3 -0.9999999999999996 -3)
(-0.9999999999999997 -1 -3)
(0.9999999999999996 -0.9999999999999999 -3)
(3 -0.9999999999999997 -3)
(5 -0.9999999999999999 -3)
(-5 0.9999999999999997 -3)
(-3 0.9999999999999997 -3)
(-0.9999999999999996 0.9999999999999999 -3)
(0.9999999999999997 0.9999999999999997 -3)
(3 0.9999999999999997 -3)
(5 0.9999999999999997 -3)
(-5 3.000000000000001 -3)
(-3 3 -3)
(-0.9999999999999997 3 -3)
(0.9999999999999997 3 -3)
(3 3.000000000000001 -3)
(5 3.000000000000001 -3)
(-5 5 -3)
(-3 5 -3)
(-0.9999999999999997 5 -3)
(0.9999999999999996 5 -3)
(3 5 -3)
(5 5 -3)
(-5 -5 -1)
(-3 -5 -0.9999999999999999)
(-1 -5 -0.9999999999999999)
(0.9999999999999999 -5 -0.9999999999999999)
(3 -5 -0.9999999999999997)
(5 -5 -1)
(-5 -3 -1)
(-3 -3 -1)
(-0.9999999999999997 -3 -1)
(0.9999999999999997 -3 -0.9999999999999999)
(3.000000000000001 -3 -0.9999999999999997)
(5 -3 -1)
(-5 -1 -1)
(-3 -0.9999999999999994 -1)
(-0.9999999999999997 -1 -1)
(0.9999999999999999 -0.9999999999999996 -0.9999999999999997)
(3 -0.9999999999999999 -1)
(5 -1 -1)
(-5 0.9999999999999999 -1)
(-3 0.9999999999999997 -1)
(-0.9999999999999997 0.9999999999999999 -0.9999999999999999)
(0.9999999999999997 0.9999999999999997 -0.9999999999999997)
(3 0.9999999999999997 -0.9999999999999999)
(5 0.9999999999999999 -1)
(-5 3 -1)
(-3 3 -0.9999999999999999)
(-0.9999999999999997 3 -0.9999999999999999)
(0.9999999999999997 3 -1)
(3.000000000000001 3 -1)
(5 3 -1)
(-5 5 -1)
(-3 5 -0.9999999999999997)
(-0.9999999999999999 5 -1)
(1 5 -0.9999999999999999)
(3 5 -1)
(5 5 -1)
(-5 -5 1)
(-3 -5 0.9999999999999997)
(-1 -5 0.9999999999999999)
(1 -5 1)
(3 -5 0.9999999999999997)
(5 -5 1)
(-5 -3 0.9999999999999997)
(-3 -3 1)
(-0.9999999999999997 -3 1)
(0.9999999999999997 -3 0.9999999999999999)
(3.000000000000001 -3 0.9999999999999999)
(5 -3 0.9999999999999997)
(-5 -1 0.9999999999999999)
(-3 -0.9999999999999994 1)
(-0.9999999999999997 -1 1)
(0.9999999999999999 -0.9999999999999999 0.9999999999999997)
(3 -0.9999999999999996 1)
(5 -1 0.9999999999999999)
(-5 1 1)
(-3 0.9999999999999997 0.9999999999999999)
(-0.9999999999999997 0.9999999999999999 0.9999999999999999)
(0.9999999999999997 0.9999999999999999 0.9999999999999997)
(3 0.9999999999999997 0.9999999999999999)
(5 1 1)
(-5 3 1)
(-3 3 1)
(-0.9999999999999997 3 0.9999999999999999)
(0.9999999999999997 3 1)
(3.000000000000001 3.000000000000001 1)
(5 3 1)
(-5 5 1)
(-3 5 0.9999999999999997)
(-1 5 1)
(1 5 0.9999999999999999)
(3 5 1)
(5 5 1)
(-5 -5 3)
(-3 -5.000000000000001 3)
(-1 -5 3)
(0.9999999999999997 -5 3)
(3 -5 3)
(5 -5 3)
(-5 -3 3)
(-3 -3 3)
(-0.9999999999999997 -3 3)
(0.9999999999999997 -3 3)
(3.000000000000001 -3 3)
(5 -3 3)
(-5 -1 3)
(-3 -0.9999999999999992 3)
(-0.9999999999999997 -1 3)
(0.9999999999999996 -0.9999999999999999 3)
(3 -0.9999999999999999 3)
(5 -1 3)
(-5 0.9999999999999997 3)
(-3 0.9999999999999996 3)
(-0.9999999999999996 0.9999999999999997 3)
(0.9999999999999997 0.9999999999999997 3)
(3 0.9999999999999997 3)
(5 0.9999999999999997 3)
(-5 3 3)
(-3 3 3)
(-0.9999999999999997 3 3)
(0.9999999999999997 3 3)
(3 3 3)
(5 3 3)
(-5 5 3)
(-3 5.000000000000001 3)
(-0.9999999999999999 5 3)
(0.9999999999999997 5 3)
(3 5 3)
(5 5 3)
(-5 -5 5)
(-3 -5 5)
(-1 -5 5)
(1 -5 5)
(3 -5 5)
(5 -5 5)
(-5 -3 5)
(-3 -3 5)
(-0.9999999999999997 -3 5)
(0.9999999999999997 -3 5)
(3.000000000000001 -3 5.000000000000001)
(5 -3 5)
(-5 -1 5)
(-3 -0.9999999999999994 5)
(-0.9999999999999997 -1 5)
(0.9999999999999999 -0.9999999999999999 5)
(3 -0.9999999999999999 5)
(5 -1 5)
(-5 1 5)
(-3 0.9999999999999997 5)
(-1 0.9999999999999999 5)
(0.9999999999999997 0.9999999999999999 5)
(3 0.9999999999999997 5)
(5 1 5)
(-5 3 5)
(-3 3 5.000000000000001)
(-0.9999999999999997 3 5)
(0.9999999999999997 3 5)
(3 3 5)
(5 3 5)
(-5 5 5)
(-3 5 5)
(-1 5 5)
(1 5 5)
(3 5 5)
(5 5 5)
)


// ************************************************************************* //
